MatVari = [...
1 T/2 T/4 T/8 T/16 T/32 0*(pi/180) 90*(pi/180) 135*(pi/180) 157.5*(pi/180) 168.75*(pi/180)
17 T/2 T/4 T/8 T/16 T/32 0*(pi/180) 90*(pi/180) 135*(pi/180) 157.5*(pi/180) 168.75*(pi/180)
9 T/2 T/4 T/8 T/16 T/32 0*(pi/180) 90*(pi/180) 135*(pi/180) 157.5*(pi/180) 168.75*(pi/180)
25 T/2 T/4 T/8 T/16 T/32 0*(pi/180) 90*(pi/180) 135*(pi/180) 157.5*(pi/180) 78.75*(pi/180)
5 T/2 T/4 T/8 T/16 T/32 0*(pi/180) 90*(pi/180) 135*(pi/180) 67.5*(pi/180) 123.75*(pi/180)
21 T/2 T/4 T/8 T/16 T/32 0*(pi/180) 90*(pi/180) 135*(pi/180) 67.5*(pi/180) 123.75*(pi/180)
13 T/2 T/4 T/8 T/16 T/32 0*(pi/180) 90*(pi/180) 135*(pi/180) 67.5*(pi/180) 33.75*(pi/180)
29 T/2 T/4 T/8 T/16 T/32 0*(pi/180) 90*(pi/180) 135*(pi/180) 67.5*(pi/180) 33.75*(pi/180)
3 T/2 T/4 T/8 T/16 T/32 0*(pi/180) 90*(pi/180) 45*(pi/180) 112.5*(pi/180) 146.25*(pi/180)
19 T/2 T/4 T/8 T/16 T/32 0*(pi/180) 90*(pi/180) 45*(pi/180) 112.5*(pi/180) 146.25*(pi/180)
11 T/2 T/4 T/8 T/16 T/32 0*(pi/180) 90*(pi/180) 45*(pi/180) 112.5*(pi/180) 56.25*(pi/180)
27 T/2 T/4 T/8 T/16 T/32 0*(pi/180) 90*(pi/180) 45*(pi/180) 112.5*(pi/180) 56.25*(pi/180)
7 T/2 T/4 T/8 T/16 T/32 0*(pi/180) 90*(pi/180) 45*(pi/180) 22.5*(pi/180) 101.25*(pi/180)
23 T/2 T/4 T/8 T/16 T/32 0*(pi/180) 90*(pi/180) 45*(pi/180) 22.5*(pi/180) 101.25*(pi/180)
15 T/2 T/4 T/8 T/16 T/32 0*(pi/180) 90*(pi/180) 45*(pi/180) 22.5*(pi/180) 11.25*(pi/180)
31 T/2 T/4 T/8 T/16 T/32 0*(pi/180) 90*(pi/180) 45*(pi/180) 22.5*(pi/180) 11.25*(pi/180)
2 T/2 T/4 T/8 T/16 T/32 0*(pi/180) 0*(pi/180) 90*(pi/180) 135*(pi/180) 157.5*(pi/180)
18 T/2 T/4 T/8 T/16 T/32 0*(pi/180) 0*(pi/180) 90*(pi/180) 135*(pi/180) 157.5*(pi/180)
10 T/2 T/4 T/8 T/16 T/32 0*(pi/180) 0*(pi/180) 90*(pi/180) 135*(pi/180) 67.5*(pi/180)
26 T/2 T/4 T/8 T/16 T/32 0*(pi/180) 0*(pi/180) 90*(pi/180) 135*(pi/180) 67.5*(pi/180)
6 T/2 T/4 T/8 T/16 T/32 0*(pi/180) 0*(pi/180) 90*(pi/180) 45*(pi/180) 112.5*(pi/180)
22 T/2 T/4 T/8 T/16 T/32 0*(pi/180) 0*(pi/180) 90*(pi/180) 45*(pi/180) 112.5*(pi/180)
14 T/2 T/4 T/8 T/16 T/32 0*(pi/180) 0*(pi/180) 90*(pi/180) 45*(pi/180) 22.5*(pi/180)
30 T/2 T/4 T/8 T/16 T/32 0*(pi/180) 0*(pi/180) 90*(pi/180) 45*(pi/180) 22.5*(pi/180)
4 T/2 T/4 T/8 T/16 T/32 0*(pi/180) 0*(pi/180) 0*(pi/180) 90*(pi/180) 135*(pi/180)
20 T/2 T/4 T/8 T/16 T/32 0*(pi/180) 0*(pi/180) 0*(pi/180) 90*(pi/180) 135*(pi/180)
12 T/2 T/4 T/8 T/16 T/32 0*(pi/180) 0*(pi/180) 0*(pi/180) 90*(pi/180) 45*(pi/180)
28 T/2 T/4 T/8 T/16 T/32 0*(pi/180) 0*(pi/180) 0*(pi/180) 90*(pi/180) 45*(pi/180)
8 T/2 T/4 T/8 T/16 T/32 0*(pi/180) 0*(pi/180) 0*(pi/180) 0*(pi/180) 90*(pi/180)
24 T/2 T/4 T/8 T/16 T/32 0*(pi/180) 0*(pi/180) 0*(pi/180) 0*(pi/180) 90*(pi/180)
16 T/2 T/4 T/8 T/16 T/32 0*(pi/180) 0*(pi/180) 0*(pi/180) 0*(pi/180) 0*(pi/180)
32 T/2 T/4 T/8 T/16 T/32 0*(pi/180) 0*(pi/180) 0*(pi/180) 0*(pi/180) 0*(pi/180)];


